1
1.0
3
0.801129943503
0.177401129944
0.0214689265537
4
0.367374005305
0.632625994695
0.115023474178
0.884976525822
6
0.325988700565
0.349717514124
0.0209039548023
0.0785310734461
0.200564971751
0.0242937853107
6
0.685234305924
0.30857648099
0.00618921308576
0.461658841941
0.489827856025
0.0485133020344
6
0.962244897959
0.0377551020408
0.898976982097
0.101023017903
0.125
0.875
6
0.955791335102
0.0433244916004
0.000884173297966
0.649452269171
0.330203442879
0.0203442879499
9
0.0361904761905
0.550476190476
0.413333333333
0.163877266388
0.515341701534
0.320781032078
0.402298850575
0.492816091954
0.104885057471
9
0.104124408384
0.511832319135
0.384043272481
0.0801687763713
0.459915611814
0.459915611814
0.374866879659
0.604898828541
0.0202342917998
12
0.0309330628803
0.572515212982
0.237829614604
0.158722109533
0.231012658228
0.155063291139
0.268987341772
0.344936708861
0.000798722044728
0.0774760383387
0.0774760383387
0.844249201278
18
0.744795890782
0.0341402855369
0.0246012435793
0.0341402855369
0.000270343336037
0.000620732464308
0.0148688834819
0.0117939168218
0.097593944309
0.0229671011794
0.000270343336036
0.000620732464306
0.014868883482
0.000620732464308
0.102460124358
0.88330229671
0.000270343336036
0.0117939168218
18
0.999644128114
0.993150684932
0.5
0.986486486486
0.0477386934673
0.5
0.982142857143
0.160377358491
0.05
0.000355871886121
0.00684931506849
0.5
0.0135135135135
0.952261306533
0.5
0.0178571428571
0.839622641509
0.95
