8
0.653846153846
0.1
0.5
0.0555555555556
0.346153846154
0.9
0.5
0.944444444444
8
0.944444444444
0.1
0.5
0.9
0.0555555555556
0.9
0.5
0.1
8
0.229591836735
0.331632653061
0.413265306122
0.0255102040816
0.127551020408
0.59693877551
0.229591836735
0.0459183673469
8
0.232142857143
0.0178571428571
0.232142857143
0.0178571428571
0.0892857142857
0.160714285714
0.0892857142857
0.160714285714
8
0.642857142857
0.357142857143
0.642857142857
0.357142857143
0.357142857143
0.642857142857
0.357142857143
0.642857142857
8
1.0
1.0
1.0
1.0
1.0
1.0
1.0
1.0
